world: 73aa93cb-58ed-4e14-b40d-b87898d40581
world-name: world
x: 0.5484008099789138
y: 65.875
z: 0.49514625956354646
yaw: 165.879150390625
pitch: 75.29971313476562
name: spawn
lastowner: cd5c11ff-79b8-4420-8282-f8d533635e36
